[[[-6.61694634e+01 -2.24087913e+02 -5.90898875e+02 -6.15881833e+02
   -4.26304008e+01  1.84605040e+01  1.34514283e+02  7.40448605e+01
    1.86472365e+02  1.19077026e+02  1.20950862e+02  3.24039550e+02
    5.93495585e+02  6.64341495e+02  7.03144096e+01 -1.35481326e+02
   -5.53393969e+02]
  [ 2.05743908e+05  2.05793257e+05  2.05718166e+05  2.05652407e+05
    2.05694559e+05  2.05700146e+05  2.05679288e+05  2.05720167e+05
    2.05626309e+05  2.05640801e+05  2.05611403e+05  2.05601078e+05
    2.05710337e+05  2.05677219e+05  2.05693474e+05  2.05836374e+05
    2.05855251e+05]
  [-1.35327806e+02 -8.57960851e+01 -3.44559566e+02 -7.96384907e+02
   -1.47746193e+02 -4.53439405e+02 -8.82256439e+02  1.14385309e+02
    3.46255819e+02  3.94278216e+02  4.76509709e+02  3.64202387e+02
    3.99013853e+02  3.88457373e+02  3.32808608e+02  2.18282008e+02
    1.84652454e+02]]]