[[[ 9.31845820e+01 -3.11321593e+01 -7.78230312e+01 -4.80049372e+01
    1.20708780e+02  1.16097802e+02  1.22330141e+02  9.66645540e+01
    1.69743078e+01 -7.30193741e+01 -8.49379019e+00  1.50902558e+02
    2.07224027e+02  2.40354452e+02 -1.07557269e+02 -3.21674395e+02
   -4.25722079e+02]
  [ 8.68078582e+04  8.68467744e+04  8.68482542e+04  8.70790867e+04
    8.67689424e+04  8.68439474e+04  8.70223510e+04  8.66529804e+04
    8.64484221e+04  8.64568426e+04  8.64134997e+04  8.64474037e+04
    8.64620928e+04  8.64358020e+04  8.65072877e+04  8.67291478e+04
    8.67912855e+04]
  [-1.92709868e+02 -1.68091303e+02 -5.30109548e+02 -9.46197753e+02
   -1.73154412e+02 -5.23538250e+02 -9.41377140e+02  1.39218034e+02
    4.42610120e+02  4.69330122e+02  6.16746806e+02  4.18507464e+02
    1.87197283e+02 -1.04758376e+01  4.45158160e+02  5.17524949e+02
    6.65200065e+02]]]